    1.0000
   -0.4361
   -1.2131
   -0.3460
   -0.1665
   -0.1352
   -0.6438
   -2.3785
   -2.7813
   -2.2694
   -1.8247
   -1.7020
   -2.0884
   -1.1616
   -1.6336
   -1.6540
   -0.8917
   -1.7224
   -1.3869
   -2.5553
   -2.4374
   -3.2405
   -2.3915
   -2.9013
   -4.3735
   -4.4401
   -4.4842
   -4.4706
   -3.3582
   -3.7015
   -2.6257
   -2.1011
   -4.7116
   -5.3445
   -4.9506
   -4.9499
   -5.2204
   -3.9266
   -1.9044
   -3.0852
   -2.9264
   -2.2544
   -0.9302
   -1.6515
   -0.7966
   -0.7674
   -0.0696
    0.4662
   -0.0703
    0.5116
   -0.9018
   -0.4047
    0.9324
    1.3436
   -1.0211
   -1.5818
   -1.8152
   -2.4368
   -3.5353
   -2.4047
   -2.7357
   -2.7472
   -1.1810
   -1.0099
   -3.6209
   -4.4152
   -4.2732
   -4.5613
   -3.0088
   -3.5523
   -3.7223
   -4.6057
   -5.1711
   -5.1760
   -4.8585
   -5.0673
   -5.9228
   -5.8077
   -5.4044
   -6.2876
   -7.6903
   -7.0074
   -5.0843
   -6.0482
   -8.1656
   -7.0397
   -6.2671
   -8.3615
   -8.7090
   -7.5977
   -7.4151
   -8.2608
   -9.2449
   -7.7392
   -7.4311
   -7.3388
   -7.7398
   -6.4533
   -3.9211
   -4.2613
   -5.2714
   -5.3957
   -4.0584
   -3.9595
   -3.4255
   -2.5038
   -2.4568
   -1.0259
   -1.1502
   -0.6751
   -0.4253
   -0.7183
    0.4678
    0.2823
    1.5875
    1.3970
    2.1304
    1.3198
    1.9328
    2.1440
    0.6346
    1.7102
    0.8460
    2.1514
    1.7525
   -0.1601
   -0.7503
   -0.3308
   -0.1249
   -0.3438
   -0.4260
   -1.4529
   -3.3633
   -3.7961
   -2.2323
   -3.2949
   -3.0001
    0.3672
    0.6509
    0.8611
   -0.3536
    0.0564
    2.0858
    1.5014
    2.7479
    3.9715
    5.1558
    5.3702
    6.2699
    4.4637
    4.7784
    6.7837
    5.0849
    5.6055
    7.3833
    5.9108
    5.2084
    4.7407
    3.9953
    4.3099
    3.3848
    1.8224
    0.7265
    1.9734
    1.9069
    3.3854
    3.7287
    3.2450
    3.8470
    3.6983
    3.3731
    2.0781
    2.7440
    2.9165
    3.3947
    4.0275
    3.8988
    4.1086
    3.7542
    3.7003
    2.8738
    1.4145
    2.4644
    3.3683
    3.2200
    3.9771
    5.4061
    5.3353
    5.1983
    3.9329
    3.7358
    0.9347
    1.6410
    1.9146
    3.1007
    3.9814
    3.6339
    3.4143
    3.4943
    1.8127
