0
0.24541
0.49068
0.73565
0.98017
1.22411
1.4673
1.70962
1.9509
2.19101
2.4298
2.66713
2.90285
3.13682
3.3689
3.59895
3.82683
4.05241
4.27555
4.49611
4.71397
4.92898
5.14103
5.34998
5.5557
5.75808
5.95699
6.15232
6.34393
6.53173
6.71559
6.89541
7.07107
7.24247
7.40951
7.57209
7.7301
7.88346
8.03208
8.17585
8.3147
8.44854
8.57729
8.70087
8.81921
8.93224
9.03989
9.1421
9.2388
9.32993
9.41544
9.49528
9.5694
9.63776
9.70031
9.75702
9.80785
9.85278
9.89177
9.9248
9.95185
9.9729
9.98795
9.99699
10
9.99699
9.98795
9.9729
9.95185
9.9248
9.89177
9.85278
9.80785
9.75702
9.70031
9.63776
9.5694
9.49528
9.41544
9.32993
9.2388
9.1421
9.03989
8.93224
8.81921
8.70087
8.57729
8.44854
8.3147
8.17585
8.03208
7.88346
7.7301
7.57209
7.40951
7.24247
7.07107
6.89541
6.71559
6.53173
6.34393
6.15232
5.95699
5.75808
5.5557
5.34998
5.14103
4.92898
4.71397
4.49611
4.27555
4.05241
3.82683
3.59895
3.3689
3.13682
2.90285
2.66713
2.4298
2.19101
1.9509
1.70962
1.4673
1.22411
0.98017
0.73565
0.49068
0.24541
0
-0.24541
-0.49068
-0.73565
-0.98017
-1.22411
-1.4673
-1.70962
-1.9509
-2.19101
-2.4298
-2.66713
-2.90285
-3.13682
-3.3689
-3.59895
-3.82683
-4.05241
-4.27555
-4.49611
-4.71397
-4.92898
-5.14103
-5.34998
-5.5557
-5.75808
-5.95699
-6.15232
-6.34393
-6.53173
-6.71559
-6.89541
-7.07107
-7.24247
-7.40951
-7.57209
-7.7301
-7.88346
-8.03208
-8.17585
-8.3147
-8.44854
-8.57729
-8.70087
-8.81921
-8.93224
-9.03989
-9.1421
-9.2388
-9.32993
-9.41544
-9.49528
-9.5694
-9.63776
-9.70031
-9.75702
-9.80785
-9.85278
-9.89177
-9.9248
-9.95185
-9.9729
-9.98795
-9.99699
-10
-9.99699
-9.98795
-9.9729
-9.95185
-9.9248
-9.89177
-9.85278
-9.80785
-9.75702
-9.70031
-9.63776
-9.5694
-9.49528
-9.41544
-9.32993
-9.2388
-9.1421
-9.03989
-8.93224
-8.81921
-8.70087
-8.57729
-8.44854
-8.3147
-8.17585
-8.03208
-7.88346
-7.7301
-7.57209
-7.40951
-7.24247
-7.07107
-6.89541
-6.71559
-6.53173
-6.34393
-6.15232
-5.95699
-5.75808
-5.5557
-5.34998
-5.14103
-4.92898
-4.71397
-4.49611
-4.27555
-4.05241
-3.82683
-3.59895
-3.3689
-3.13682
-2.90285
-2.66713
-2.4298
-2.19101
-1.9509
-1.70962
-1.4673
-1.22411
-0.98017
-0.73565
-0.49068
-0.24541
0
0.24541
0.49068
0.73565
0.98017
1.22411
1.4673
1.70962
1.9509
2.19101
2.4298
2.66713
2.90285
3.13682
3.3689
3.59895
3.82683
4.05241
4.27555
4.49611
4.71397
4.92898
5.14103
5.34998
5.5557
5.75808
5.95699
6.15232
6.34393
6.53173
6.71559
6.89541
7.07107
7.24247
7.40951
7.57209
7.7301
7.88346
8.03208
8.17585
8.3147
8.44854
8.57729
8.70087
8.81921
8.93224
9.03989
9.1421
9.2388
9.32993
9.41544
9.49528
9.5694
9.63776
9.70031
9.75702
9.80785
9.85278
9.89177
9.9248
9.95185
9.9729
9.98795
9.99699
20
19.99699
19.98795
19.9729
19.95185
19.9248
19.89177
19.85278
19.80785
19.75702
19.70031
19.63776
19.5694
19.49528
19.41544
19.32993
19.2388
19.1421
19.03989
18.93224
18.81921
18.70087
18.57729
18.44854
18.3147
18.17585
18.03208
17.88346
17.7301
17.57209
17.40951
17.24247
17.07107
16.89541
16.71559
16.53173
16.34393
16.15232
15.95699
15.75808
15.5557
15.34998
15.14103
14.92898
14.71397
14.49611
14.27555
14.05241
13.82683
13.59895
13.3689
13.13682
12.90285
12.66713
12.4298
12.19101
11.9509
11.70962
11.4673
11.22411
10.98017
10.73565
10.49068
10.24541
10
9.75459
9.50932
9.26435
9.01983
8.77589
8.5327
8.29038
8.0491
7.80899
7.5702
7.33287
7.09715
6.86318
6.6311
6.40105
6.17317
5.94759
5.72445
5.50389
5.28603
5.07102
4.85897
4.65002
4.4443
4.24192
4.04301
3.84768
3.65607
3.46827
3.28441
3.10459
2.92893
2.75753
2.59049
2.42791
2.2699
2.11654
1.96792
1.82415
1.6853
1.55146
1.42271
1.29913
1.18079
1.06776
0.96011
0.8579
0.7612
0.67007
0.58456
0.50472
0.4306
0.36224
0.29969
0.24298
0.19215
0.14722
0.10823
0.0752
0.04815
0.0271
0.01205
0.00301
-10
-9.99699
-9.98795
-9.9729
-9.95185
-9.9248
-9.89177
-9.85278
-9.80785
-9.75702
-9.70031
-9.63776
-9.5694
-9.49528
-9.41544
-9.32993
-9.2388
-9.1421
-9.03989
-8.93224
-8.81921
-8.70087
-8.57729
-8.44854
-8.3147
-8.17585
-8.03208
-7.88346
-7.7301
-7.57209
-7.40951
-7.24247
-7.07107
-6.89541
-6.71559
-6.53173
-6.34393
-6.15232
-5.95699
-5.75808
-5.5557
-5.34998
-5.14103
-4.92898
-4.71397
-4.49611
-4.27555
-4.05241
-3.82683
-3.59895
-3.3689
-3.13682
-2.90285
-2.66713
-2.4298
-2.19101
-1.9509
-1.70962
-1.4673
-1.22411
-0.98017
-0.73565
-0.49068
-0.24541
