   1.1630000e+01
   1.1610000e+01
   1.1520000e+01
   1.1470000e+01
   1.1510000e+01
   1.1680000e+01
   1.1870000e+01
   1.1920000e+01
   1.1900000e+01
   1.2020000e+01
   1.2190000e+01
   1.2780000e+01
   1.2490000e+01
   1.2620000e+01
   1.2390000e+01
   1.2350000e+01
   1.2280000e+01
   1.2380000e+01
   1.2520000e+01
   1.2630000e+01
   1.2500000e+01
   1.2730000e+01
   1.2880000e+01
   1.3720000e+01
   1.3440000e+01
   1.3550000e+01
   1.3730000e+01
   1.3850000e+01
   1.3840000e+01
   1.4240000e+01
   1.4310000e+01
   1.4590000e+01
   1.4420000e+01
   1.4510000e+01
   1.4920000e+01
   1.5870000e+01
   1.5470000e+01
   1.5640000e+01
   1.5470000e+01
   1.5740000e+01
   1.5810000e+01
   1.5880000e+01
   1.5760000e+01
   1.6170000e+01
   1.6100000e+01
   1.6130000e+01
   1.6500000e+01
   1.7350000e+01
   1.6960000e+01
   1.7210000e+01
   1.6780000e+01
   1.7160000e+01
   1.6470000e+01
   1.6570000e+01
   1.6540000e+01
   1.6710000e+01
   1.6620000e+01
   1.6830000e+01
   1.7190000e+01
   1.8490000e+01
   1.8030000e+01
   1.7800000e+01
   1.7750000e+01
   1.7710000e+01
   1.7580000e+01
   1.7960000e+01
   1.8120000e+01
   1.8370000e+01
   1.8340000e+01
   1.8630000e+01
   1.9120000e+01
   2.0930000e+01
   2.0150000e+01
   2.0180000e+01
   2.0180000e+01
   2.0050000e+01
   2.0110000e+01
   2.0480000e+01
   2.0490000e+01
   2.0780000e+01
   2.1000000e+01
   2.1250000e+01
   2.2100000e+01
   2.4310000e+01
   2.3690000e+01
   2.3890000e+01
   2.4370000e+01
   2.3990000e+01
   2.4130000e+01
   2.4330000e+01
   2.4820000e+01
   2.5270000e+01
   2.5320000e+01
   2.5830000e+01
   2.6610000e+01
   2.8590000e+01
   2.7620000e+01
   2.7430000e+01
   2.7490000e+01
   2.7210000e+01
   2.6890000e+01
   2.7090000e+01
   2.6520000e+01
   2.6820000e+01
   2.6400000e+01
   2.6810000e+01
   2.7440000e+01
   3.0210000e+01
   2.9400000e+01
   2.9260000e+01
   2.9080000e+01
   2.9270000e+01
   2.8740000e+01
   2.9210000e+01
   2.8890000e+01
   2.9230000e+01
   2.9030000e+01
   2.9360000e+01
   3.0100000e+01
   3.3890000e+01
   3.2090000e+01
   3.2190000e+01
   3.1960000e+01
   3.1830000e+01
   3.1400000e+01
   3.2210000e+01
   3.2300000e+01
   3.2210000e+01
   3.1990000e+01
   3.3070000e+01
   3.3040000e+01
   3.7020000e+01
   3.5160000e+01
   3.4940000e+01
   3.5500000e+01
   3.5850000e+01
   3.5730000e+01
   3.5940000e+01
   3.6220000e+01
   3.6480000e+01
   3.6520000e+01
   3.6950000e+01
   3.7910000e+01
   4.2260000e+01
   4.0310000e+01
   3.9980000e+01
   4.0810000e+01
   4.0340000e+01
   4.0070000e+01
   4.0580000e+01
   4.0630000e+01
   4.0660000e+01
   4.0200000e+01
   4.0940000e+01
   4.1680000e+01
   4.8590000e+01
   4.4890000e+01
   4.4300000e+01
   4.5210000e+01
   4.4980000e+01
   4.4270000e+01
   4.5120000e+01
   4.5470000e+01
   4.5000000e+01
   4.4610000e+01
   4.5600000e+01
   4.7490000e+01
   5.3800000e+01
   4.9540000e+01
   4.9130000e+01
   4.8620000e+01
   4.9230000e+01
   4.8230000e+01
   4.8510000e+01
   4.7510000e+01
   4.9100000e+01
   4.7980000e+01
   4.8570000e+01
   5.0960000e+01
   5.7890000e+01
   5.4750000e+01
   5.4310000e+01
   5.3950000e+01
   5.3470000e+01
   5.4070000e+01
   5.4730000e+01
   5.5040000e+01
   5.5570000e+01
   5.5000000e+01
   5.6800000e+01
   5.9500000e+01
   6.8240000e+01
   6.4310000e+01
   6.4460000e+01
   6.5140000e+01
   6.6850000e+01
   6.5710000e+01
   6.7170000e+01
   6.8960000e+01
   6.9370000e+01
   6.9020000e+01
   7.0060000e+01
   7.4530000e+01
   8.3520000e+01
   7.7390000e+01
   7.7560000e+01
   7.8540000e+01
   7.8890000e+01
   7.9710000e+01
   8.1910000e+01
   8.2880000e+01
   8.0060000e+01
   8.1740000e+01
   8.2100000e+01
   8.6700000e+01
   1.0077000e+02
   9.2370000e+01
   9.2630000e+01
   9.6020000e+01
   9.6230000e+01
   9.7660000e+01
   1.0003000e+02
   9.8380000e+01
   9.9510000e+01
   9.8460000e+01
   1.0165000e+02
   1.0582000e+02
   1.2236000e+02
   1.1286000e+02
   1.1257000e+02
   1.1278000e+02
   1.1465000e+02
   1.1615000e+02
   1.1673000e+02
   1.1739000e+02
   1.1574000e+02
   1.2389000e+02
   1.2732000e+02
   1.4107000e+02
   1.5797000e+02
   1.4701000e+02
   1.4780000e+02
   1.4707000e+02
   1.4710000e+02
   1.4745000e+02
   1.4727000e+02
   1.4801000e+02
   1.4986000e+02
   1.5106000e+02
   1.5833000e+02
   1.6927000e+02
   2.1220000e+02
   2.0530000e+02
   2.1030000e+02
   2.0750000e+02
   2.0470000e+02
   2.0900000e+02
   2.1630000e+02
   2.2020000e+02
   2.2960000e+02
   2.2700000e+02
   2.2970000e+02
   2.3770000e+02
   2.7020000e+02
   2.6250000e+02
   2.6470000e+02
   2.7960000e+02
   2.7870000e+02
   2.8310000e+02
   2.8430000e+02
   2.8750000e+02
   2.9700000e+02
   2.8950000e+02
   3.0160000e+02
   3.1550000e+02
   3.6290000e+02
   3.4270000e+02
   3.5010000e+02
   3.5810000e+02
   3.4930000e+02
   3.6720000e+02
   3.8190000e+02
   3.7960000e+02
   3.7930000e+02
   3.7950000e+02
   4.0110000e+02
   4.2750000e+02
   4.8120000e+02
   4.5310000e+02
   4.5700000e+02
   4.7130000e+02
   4.8730000e+02
   4.9480000e+02
   5.1520000e+02
   5.2330000e+02
   5.8260000e+02
   5.1940000e+02
   5.4590000e+02
   5.9700000e+02
   6.4300000e+02
   5.9200000e+02
   6.0800000e+02
   6.3200000e+02
   6.3600000e+02
   7.1000000e+02
   6.5900000e+02
   6.6700000e+02
   7.3700000e+02
   8.0500000e+02
   8.5600000e+02
   9.5300000e+02
   1.0310000e+03
   9.6600000e+02
   9.6300000e+02
   9.5500000e+02
   9.8700000e+02
   9.6900000e+02
   1.0160000e+03
   1.0280000e+03
   1.0840000e+03
   1.0410000e+03
   1.1330000e+03
   1.2180000e+03
   1.4470000e+03
   1.3780000e+03
   1.3690000e+03
   1.4230000e+03
   1.5260000e+03
   1.5520000e+03
   1.5830000e+03
   1.5850000e+03
   1.6110000e+03
   1.6110000e+03
   1.7600000e+03
   1.9060000e+03
   2.3150000e+03
   2.1490000e+03
   2.2140000e+03
   2.2260000e+03
   2.2350000e+03
   2.2770000e+03
   2.3710000e+03
   2.4460000e+03
   2.4900000e+03
   2.6480000e+03
   2.7260000e+03
   2.9090000e+03
   3.4630000e+03
   3.1180000e+03
   3.1760000e+03
   3.4070000e+03
   3.3570000e+03
   3.3950000e+03
   3.6460000e+03
   3.6520000e+03
   3.6780000e+03
   3.7940000e+03
   4.0560000e+03
   4.5600000e+03
   5.7900000e+03
   5.3750000e+03
   5.4660000e+03
   6.0590000e+03
   6.3900000e+03
   6.7200000e+03
   7.0750000e+03
   7.5180000e+03
   8.1440000e+03
   8.4680000e+03
   9.3670000e+03
   1.0998000e+04
   1.2629000e+04
   1.2135000e+04
   1.2768000e+04
   1.4055000e+04
   1.5715000e+04
   1.6389000e+04
   1.7484000e+04
   1.7067000e+04
   1.6859000e+04
   1.7062000e+04
   1.7798000e+04
   1.9444000e+04
   2.1191000e+04
   1.9057000e+04
   2.0037000e+04
   1.9595000e+04
   1.9821000e+04
   1.9733000e+04
   2.0622000e+04
   2.1876000e+04
   2.0696000e+04
   2.1333000e+04
   2.2803000e+04
   2.3958000e+04
   2.9087000e+04
   2.5722000e+04
   2.6393000e+04
   2.6984000e+04
   2.8574000e+04
   2.9351000e+04
   3.0843000e+04
   2.9777000e+04
   2.9849000e+04
   3.0440000e+04
   3.6311000e+04
   4.0899000e+04
   4.7439000e+04
   4.3306000e+04
   4.4216000e+04
   4.5898000e+04
   4.7928000e+04
   5.0093000e+04
   5.0466000e+04
   4.9347000e+04
   5.2803000e+04
   6.0891000e+04
   8.7664000e+04
   9.4141000e+04
   1.0622700e+05
   9.9941000e+04
   9.8454000e+04
   9.6990000e+04
   9.9131000e+04
   1.0192900e+05
   1.0289900e+05
   1.0221900e+05
   1.0165600e+05
   1.0023000e+05
   1.0947700e+05
   1.1286000e+05
   1.2222000e+05
   1.1666100e+05
   1.1713500e+05
   1.1552700e+05
   1.1540400e+05
   1.1873300e+05
   1.2123800e+05
   1.2169600e+05
   1.2114500e+05
   1.2131900e+05
   1.2479400e+05
   1.2679000e+05
   1.4390200e+05
   1.3928300e+05
   1.3962200e+05
   1.3797000e+05
   1.3082100e+05
   1.3224700e+05
   1.3299200e+05
   1.3283100e+05
   1.3100600e+05
   1.3103900e+05
   1.3260900e+05
   1.3771200e+05
   1.4542900e+05
   1.3035700e+05
   1.2410400e+05
   1.1441600e+05
   1.1186400e+05
   1.1115500e+05
   1.1418300e+05
   1.1820400e+05
   1.1753300e+05
   1.1943900e+05
   1.2351500e+05
   1.3047700e+05
   1.5057200e+05
   1.4444200e+05
   1.4350800e+05
   1.4955500e+05
   1.4974000e+05
   1.5428600e+05
   1.5921000e+05
   1.6109400e+05
   1.6140500e+05
   1.6863700e+05
   1.7000800e+05
   1.7951500e+05
   2.0618000e+05
   1.9635000e+05
   2.0067400e+05
   2.1035300e+05
   2.0524700e+05
   2.1225100e+05
   2.2006000e+05
   2.2208100e+05
   2.2655200e+05
   2.2630700e+05
   2.3234400e+05
   2.4502700e+05
   2.6711300e+05
   2.5449100e+05
   2.5305300e+05
   2.5492000e+05
   2.5191300e+05
   2.6043200e+05
   2.6243100e+05
   2.6368200e+05
   2.6681700e+05
   2.6093700e+05
   2.6388400e+05
   2.7791000e+05
   3.0813500e+05
   2.9085700e+05
   2.8925500e+05
   2.9059900e+05
   2.8810100e+05
   3.0067700e+05
   3.0194400e+05
   3.0521200e+05
   3.1185600e+05
   3.1625400e+05
   3.2818200e+05
   3.3839300e+05
   3.9546500e+05
