0
0.0427999856714089
0.00849377739899785
-0.0729897834634893
0.0749706720799161
-0.0411011619464474
0.0085501894345725
0.00671067571566639
0
-0.0307355484771072
0.0821276630868897
-0.13430993716501
0.144495940062636
-0.0692406292265572
-0.0747289620903176
0.168390065214235
-0.0808584098714565
-0.122416636237712
0.161239765682861
0.0627018300049102
-0.187815193813875
-0.0450623346923295
0.195045426399361
0.0783375073110126
-0.179378855078567
-0.151913767401806
0.107452036404867
0.219682707973346
0.0423952833135723
-0.190236533916804
-0.205143381106452
0.00264751202507942
0.209631372890606
0.218132895664304
0.0314151596164506
-0.182560576314265
-0.253070558305611
-0.135787330782365
0.0765558330970932
0.238601386708923
0.252572049408706
0.11874991831793
-0.0804200875334235
-0.237186142986318
-0.276579582767803
-0.186881647416819
-0.0150494049094363
0.162357389345773
0.274650774609851
0.283230909908143
0.190811051903407
0.0343154556848246
-0.132321985270196
-0.257521278030483
-0.307070346694467
-0.271324102320225
-0.164304284651168
-0.0167403981344281
0.133823114163862
0.252779003523745
0.315803946905791
0.312660547589154
0.24738680018988
0.135592650398617
0
-0.134566739324941
-0.245717293887999
-0.316864540439095
-0.339096747282566
-0.311550129463004
-0.240519997347712
-0.137688930292311
-0.0178957810896301
0.103160200011557
0.210964639217596
0.293770045971866
0.343607593969112
0.356715164956864
0.333440419871762
0.277725333674115
0.196302457714266
0.0977366770363042
-0.00856562960185634
-0.113280006478849
-0.207946856150517
-0.285568762064955
-0.341002899993749
-0.371150986590848
-0.374965843381789
-0.353304917174826
-0.308667318174246
-0.2448528149263
-0.166579660279172
-0.0790940736270956
0.0122014129602272
0.102079919308641
0.185768157303716
0.259162114184142
0.318977621514162
0.362837399254068
0.389299599130463
0.397835301414276
0.388763917526024
0.363156134127224
0.322714042812897
0.269637581597423
0.206485514799119
0.136038029450703
0.0611667446595134
-0.0152833886557194
-0.0905971009760748
-0.162274720237652
-0.228100034929149
-0.286190047874047
-0.335027299218992
-0.373476007989092
-0.400783696602771
-0.416570235624525
-0.420806393885774
-0.413784020839517
-0.396079943038724
-0.36851554382794
-0.332113832352404
-0.288055610726406
-0.23763613055281
-0.182223403698958
-0.123219106924312
-0.0620228031948973
0
0.0615456192819617
0.121395618388839
0.178435854320072
0.231671234311814
0.2802363683188
0.323402377835689
0.360580178758482
0.391320595404579
0.415311686786561
0.432373676848567
0.442451879692249
0.445608000835868
0.442010178139849
0.431922102918877
0.415691534497318
0.393738491423277
0.366543370925416
0.334635215984701
0.298580317437829
0.258971307508252
0.216416871605654
0.171532177546281
0.12493009580897
0.077213261239738
0.0289670058497993
-0.0192468259544892
-0.0668951842473307
-0.113478260625794
-0.15853310476418
-0.201636449011826
-0.242406786812018
-0.280505756196831
-0.315638883497087
-0.347555744875343
-0.376049604517422
-0.40095658847275
-0.422154452375821
-0.439560999760657
-0.45313220553602
-0.46286009654872
-0.468770438140413
-0.470920272302881
-0.4693953495486
-0.464307493017084
-0.455791929701355
-0.444004620061301
-0.429119613740362
-0.411326455659005
-0.390827663455012
-0.367836294101652
-0.342573614579288
-0.315266888716844
-0.286147289765392
-0.255447945920922
-0.223402123877828
-0.19024155356647
-0.15619489550242
-0.12148635064507
-0.0863344113205372
-0.0509507505990393
-0.0155392465193596
0.0197048632880762
0.0545957017241391
0.0889573527971522
0.122624348800013
0.155442050565686
0.187266927508313
0.217966744297677
0.247420661075963
0.275519254117389
0.302164463762056
0.327269476334036
0.350758546587726
0.372566767023358
0.392639790178671
0.410933509745207
0.427413706079978
0.442055661391226
0.454843749575022
0.465771005371514
0.474838677199106
0.482055767714672
0.487438565840862
0.491010173699623
0.492800031596355
0.492843443913028
0.491181108492551
0.487858651831587
0.482926172145795
0.476437792130624
0.46845122301277
0.459027341272451
0.44822977921488
0.436124530380676
0.422779570609383
0.408264495407465
0.392650174121912
0.376008421282526
0.358411685349628
0.339932754988948
0.320644482891342
0.300619527061108
0.279930109412746
0.258647791441259
0.236843266665161
0.214586169483605
0.191944900039036
0.168986464633869
0.145776331213511
0.122378299397996
0.0988543845201543
0.075264715109111
0.0516674432435914
0.0281186671894947
0.00467236573023515
-0.0186196564041429
-0.0417078126022444
-0.064544768520552
-0.0870854668999098
-0.109287143624129
-0.131109335585118
-0.152513880906783
-0.173464912066282
-0.193928842436348
-0.21387434675642
-0.233272336023516
-0.252095927276309
-0.270320408727799
-0.287923200683608
-0.304883812664211
-0.321183797130648
-0.336806700194386
-0.351738009673245
-0.365965100836649
-0.379477180165049
-0.392265227430235
-0.404321936385438
-0.415641654336751
-0.426220320850372
-0.436055405833699
-0.445145847212272
-0.453491988409047
-0.461095515817531
-0.467959396445891
-0.474087815895288
-0.479486116822396
-0.484160738023351
-0.488119154264212
-0.49136981697144
-0.493922095884856
-0.495786221765093
-0.496973230237596
-0.497494906845861
-0.4973637333777
-0.496592835519989
-0.495195931889464
-0.493187284479742
-0.490581650557846
-0.487394236037024
-0.483640650346598
-0.479336862814001
-0.474499160568892
-0.469144107974441
-0.463288507586376
-0.456949362636286
-0.450143841031895
-0.442889240863529
-0.435202957402878
-0.427102451577239
-0.418605219899872
-0.409728765834715
-0.40049057257163
-0.390908077186488
-0.380998646158723
-0.37077955221756
-0.360267952486855
-0.349480867897409
-0.338435163834691
-0.327147531989173
-0.315634473375847
-0.303912282489035
-0.291997032558246
-0.279904561870581
-0.267650461125118
-0.255250061784589
-0.242718425389825
-0.230070333802518
-0.217320280342087
-0.204482461782767
-0.191570771177326
-0.178598791474289
-0.165579789895973
-0.152526713045148
-0.139452182708712
-0.12636849232732
-0.113287604100546
-0.100221146697781
-0.0871804135457688
-0.0741763616643201
-0.061219611022491
-0.0483204443882115
-0.0354888076450705
-0.0227343105507041
-0.0100662279119811
0.00250649884708949
0.0149752597480562
0.0273317739739102
0.0395680872599995
0.0516765689810906
0.0636499089549342
0.0754811139820222
0.0871635041404471
0.0986907088541217
0.110056662751889
0.121255601334393
0.132282056464883
0.143130851699498
0.153797097471899
0.164276186146516
0.17456378695403
0.184655840822139
0.194548555114036
0.204238398286471
0.213722094478728
0.222996618043255
0.232059188028216
0.240907262621682
0.249538533566695
0.257950920555955
0.266142565614424
0.274111827477665
0.281857275973333
0.289377686412774
0.296672033999317
0.30373948825943
0.310579407502537
0.317191333314938
0.323574985092905
0.329730254619707
0.335657200690999
0.341356043792655
0.346827160834902
0.352071079946238
0.357088475330429
0.361880162189538
0.366447091715758
0.370790346154528
0.37491113394121
0.378810784913385
0.3824907456006
0.385952574593219
0.389197937991836
0.392228604938518
0.395046443230992
0.397653415020719
0.400051572595633
0.402243054248208
0.404230080229347
0.406014948788471
0.407600032300065
0.408987773476815
0.410180681669373
0.411181329252659
0.411992348098555
0.412616426134705
0.413056303989096
0.413314771719986
0.413394665630689
0.413298865168644
0.413030289908155
0.412591896616094
0.41198667639985
0.411217651936711
0.410287874783866
0.409200422768137
0.40795839745452
0.406564921692616
0.405023137239936
0.403336202461107
0.401507290101929
0.399539585137254
0.397436282691597
0.395200586031419
0.392835704627981
0.390344852289663
0.387731245362648
0.384998100998851
0.382148635489989
0.37918606266666
0.376113592361337
0.372934428934169
0.369651769860473
0.366268804378847
0.362788712198811
0.359214662266918
0.355549811590271
0.351797304116422
0.347960269668635
0.344041822935505
0.340045062513973
0.335973070004782
0.331828909159443
0.327615625077825
0.323336243455504
0.318993769880028
0.314591189175304
0.310131464793358
0.305617538252718
0.301052328622771
0.296438732053433
0.291779621349557
0.287077845589547
0.282336229787671
0.277557574599683
0.272744656071363
0.267900225429694
0.263027008916451
0.258127707664055
0.253204997613628
0.248261529475284
0.24329992873077
0.238322795678703
0.233332705522743
0.228332208503181
0.223323830072547
0.218310071116011
0.213293408217513
0.208276293972716
0.203261157350126
0.198250404101907
0.193246417226192
0.18825155748296
0.183268163965872
0.178298554732795
0.173345027498146
0.168409860390631
0.163495312780454
0.158603626180633
0.153737025227721
0.148897718747958
0.144087900915722
0.139309752512133
0.134565442292768
0.12985712847474
0.125186960354913
0.120557080072743
0.115969624533323
0.11142672750857
0.106930521937366
0.102483142448793
0.0980867281366255
0.0937434256180072
0.0894553924149889
0.085224800704568
0.0810538414913024
0.0769447292669119
0.0728997072340062
0.0689210531868483
0.0650110861617641
0.061172173994603
0.05740674195414
0.0537172826606338
0.0501063675509419
0.0465766602198202
0.0431309320573138
0.0397720807230815
0.0365031521628026
0.033327367098453
0.0302481532421984
0.0272691849381911
0.0243944326001863
0.0216282253050838
0.0189753314265671
0.0164410646078445
0.0140314263390686
0.0117533032024022
0.00961474910113109
0.00762540628389102
0.00579716763459575
0.00414529403581568
0.00269049219163831
0.0014633882885152
0.000516963361885437
