    3.6885  357.6800
    3.6895  357.5600
    3.6631  357.5300
    3.6353  358.4500
    3.6330  358.9000
    3.6308  358.7000
    3.6309  358.7000
    3.6310  358.2100
    3.6320  357.9000
    3.6313  357.6100
    3.6317  357.5900
    3.6480  357.6500
    3.6314  357.5500
    3.6340  357.4000
    3.6300  357.3900
    3.6321  357.3900
    3.5499  357.3700
    3.4971  357.3700
    3.4601  357.3700
    3.3960  339.0000
    3.3175  334.2100
    3.3364  329.3000
    3.3092  327.6500
    3.2685  314.8000
    3.2090  310.4500
    3.1873  304.2000
    3.1685  304.2000
    3.1786  304.8000
    3.1767  304.5500
    3.1555  301.1000
    3.1749  301.1000
    3.1897  301.1000
    3.2021  301.1000
    3.2041  301.1000
    3.1956  301.1000
    3.2015  302.0000
    3.1575  301.1500
    2.8430  270.0000
    2.8385  265.8300
    2.8372  265.5000
    2.7300  264.9500
    2.4250  265.3000
    2.3520  263.4500
    2.4633  265.3000
    2.4155  265.7000
    2.4445  266.8300
    2.6185  280.0000
    2.7030  280.0000
    2.7822  299.0000
    2.6673  287.6000
    2.5230  276.0000
    2.4470  279.7500
    2.5290  281.9000
    2.5550  284.1000
    2.5870  297.8000
    2.6640  302.7000
    2.6527  298.5000
    2.5798  299.8500
    2.4770  300.1000
    2.4095  300.9500
    2.3410  297.8500
    2.2845  286.6000
    2.3450  293.8000
    2.3780  293.3000
    2.3465  291.3500
    2.3548  296.3500
    2.5765  297.3500
    2.5847  297.9000
    2.6615  302.7000
    2.5552  301.8000
    2.6276  303.0000
    2.6223  305.1500
    2.5943  303.7000
    2.5645  302.2500
    2.5383  299.7000
    2.5360  299.4000
    2.5945  299.9500
    2.5742  297.4000
    2.5430  293.4000
    2.5269  288.7500
    2.4365  287.4500
    2.4052  293.7000
    2.4048  295.7500
    2.3625  292.8000
    2.4214  289.3000
    2.3947  282.7000
    2.3887  277.5000
    2.3589  277.7000
    2.3564  277.3000
    2.3380  267.7000
    2.2878  266.0000
    2.3219  267.3000
    2.3074  265.4500
    2.2528  250.6000
    2.2278  245.7000
    2.1050  240.0000
    2.1118  241.4000
    2.0360  238.7000
    2.0230  222.4000
    2.0678  222.9000
    2.1008  223.4000
    2.0753  204.7000
    2.0413  190.7000
    1.9865  190.2000
    1.9386  189.1500
    1.7367  176.0000
    1.9234  197.5000
    1.8280  194.6000
    1.8616  201.3000
    1.8515  202.2000
    1.8676  209.3000
    1.9019  218.5000
    1.9091  219.8000
    1.8482  217.0000
    1.8377  217.2000
    1.8278  220.0000
    1.7425  223.3000
    1.8066  237.7000
    1.7300  248.8000
    1.7315  239.7000
    1.7394  238.8000
    1.7723  249.8000
    1.9419  249.7000
    1.8015  239.0000
    1.7860  224.3000
    1.7582  217.6000
    1.7851  227.0000
    1.7923  219.0000
    1.8113  212.2000
    1.9092  211.5000
    1.9257  216.7000
    1.9590  203.0000
    2.1167  204.7000
    2.1295  208.8000
    2.1018  211.0000
    2.2145  215.0000
    2.3274  224.1000
    2.3909  225.8000
    2.4645  239.4500
    2.4290  228.0000
    2.3225  232.7000
    2.2542  233.8000
    2.2035  214.3000
    2.2548  219.9000
    2.3085  230.5000
    2.3860  237.0000
    2.4142  246.5000
    2.3327  235.1000
    2.3452  243.5000
    2.4598  254.0000
    2.4545  257.5000
    2.4972  261.7000
    2.5276  269.5000
    2.5668  277.3000
    2.4872  253.1000
    2.3765  235.0000
    2.4475  237.9000
    2.4212  235.4500
    2.4265  239.4000
    2.4581  237.0000
    2.5190  238.3000
    2.5419  239.7000
    2.6435  241.7000
    2.7068  246.6000
    2.6391  236.1000
    2.6264  233.6500
    2.6970  234.0000
    2.7238  232.2000
    2.8139  234.7500
    2.6058  233.5000
    2.5900  224.7000
    2.7174  225.9500
    2.7333  231.5000
    2.7842  237.5000
    2.8964  245.5000
    2.8870  241.3000
    3.0253  245.5000
    3.0296  245.2500
    3.0963  246.3000
    3.1480  251.1000
    3.1677  254.6500
    3.3225  259.5000
    3.0930  252.5000
    3.0902  252.2500
    3.0892  251.8500
    3.0607  248.9500
    2.7884  236.6500
    2.7818  237.2500
    2.6699  217.0000
    2.6168  211.5000
    2.5120  202.0000
    2.4613  200.5000
    2.3892  191.8000
    2.2185  179.7000
    2.3175  179.6000
    2.1865  168.3000
    2.3127  171.8000
    2.1986  165.0000
    2.0940  154.3000
    2.0520  156.1000
    2.0207  153.6000
    2.0676  161.5000
    1.9773  162.4000
    1.9408  159.1000
    1.8085  152.5000
    1.8268  153.0500
    1.8051  145.8000
    1.7864  139.5000
    1.8215  144.0000
    1.8299  147.0000
    1.8554  149.3000
    1.8152  142.4000
    1.8383  146.3500
    1.7393  138.6000
    1.6354  132.5500
    1.5815  123.5000
    1.6759  127.2000
    1.6884  128.0000
    1.6593  125.4000
    1.6683  124.8500
    1.7267  125.2500
    1.8211  132.4000
    1.8810  132.5500
    1.8748  135.0000
    1.8798  134.5500
    1.7684  125.7500
    1.7354  121.7500
    1.7803  125.8500
    1.8646  129.1500
    1.8296  127.0000
    1.8927  132.0500
    1.8783  132.4500
    1.9858  142.7000
    1.9525  144.1000
    1.8660  138.3500
    1.9604  144.3000
    1.8683  139.3000
    1.8375  142.3000
    1.7895  142.9500
    1.6978  143.4500
    1.6826  144.1500
    1.6918  148.4000
    1.6944  157.2000
    1.6803  159.3500
    1.6910  151.7000
    1.6715  152.9000
    1.5960  147.3500
    1.5622  144.2500
    1.5641  137.8000
    1.5191  129.3500
    1.5050  133.3500
    1.4940  134.4000
    1.4900  131.2000
    1.5202  132.0000
    1.7170  141.0000
    1.7325  137.4000
    1.7247  137.9000
    1.8120  137.9000
    1.7458  137.8000
    1.7408  137.1500
    1.6631  132.8500
    1.6731  130.9000
    1.6318  130.0500
    1.5160  125.2000
    1.6137  125.7500
    1.6378  129.2800
    1.6427  133.2000
    1.6598  133.5000
    1.6128  128.2500
    1.5270  125.5000
    1.4790  127.2000
    1.4097  122.9000
    1.4093  119.2000
    1.5370  123.2000
    1.6015  124.7000
    1.6140  124.7500
    1.5935  124.6000
    1.6430  117.7000
    1.6143  116.3500
    1.5802  111.1500
    1.5940  106.4970
    1.6882  106.7500
    1.7397  105.9000
    1.6683  104.2000
    1.6199  105.1500
    1.6753  108.2000
    1.7110  108.9500
    1.7263  111.8500
    1.7414  109.9000
    1.7136  104.1500
    1.6720  103.1500
    1.6640  102.5000
    1.6412  104.4700
    1.5954   99.0500
    1.5958   99.7500
    1.5830   99.5500
    1.5483   98.4500
    1.5120   97.3800
    1.5708   98.9200
    1.5488   99.7400
    1.5088   98.5500
    1.4611   97.0500
    1.3837   89.3500
    1.3812   83.7500
    1.3887   83.2000
    1.3837   84.6000
    1.3805   88.4300
    1.4665   99.1000
    1.4188   98.3000
    1.4134  101.7000
    1.4367  101.5500
    1.4335  102.8300
    1.4918  107.2500
    1.4667  104.7000
    1.4757  106.2800
    1.5294  104.8000
    1.5341  108.2000
    1.5219  109.4200
    1.4704  107.9200
    1.4809  108.4400
    1.5268  110.9700
    1.5126  113.8000
    1.5344  113.7700
    1.5548  116.0000
    1.6336  122.0000
    1.6912  120.7800
    1.6778  124.0500
    1.7274  126.8500
    1.7000  116.4500
    1.7441  114.4000
    1.8325  118.2500
    1.7940  119.3500
    1.7655  121.0000
    1.7230  119.9500
    1.7637  127.5500
    1.7921  129.9500
    1.8265  126.9000
    1.8112  127.2500
    1.8468  132.0500
    1.7948  132.3000
    1.7823  139.0500
    1.8087  140.8500
    1.7795  143.7000
    1.7723  141.4600
    1.6759  135.2500
    1.6508  116.4000
    1.7020  123.6500
    1.6730  115.6000
