0
0.098165
0.196271
0.294258
0.392069
0.489643
0.586922
0.683848
0.780361
0.876405
0.971921
1.066851
1.161139
1.254727
1.347559
1.43958
1.530734
1.620965
1.71022
1.798445
1.885587
1.971593
2.056411
2.13999
2.222281
2.303233
2.382797
2.460926
2.537573
2.612691
2.686236
2.758162
2.828427
2.896988
2.963805
3.028835
3.092042
3.153386
3.21283
3.270339
3.325878
3.379414
3.430914
3.480348
3.527685
3.572897
3.615957
3.656839
3.695518
3.731971
3.766176
3.798113
3.827761
3.855104
3.880125
3.902809
3.923141
3.941111
3.956706
3.969918
3.980739
3.989162
3.995182
3.998795
4
3.998795
3.995182
3.989162
3.980739
3.969918
3.956706
3.941111
3.923141
3.902809
3.880125
3.855104
3.827761
3.798113
3.766176
3.731971
3.695518
3.656839
3.615957
3.572897
3.527685
3.480348
3.430914
3.379414
3.325878
3.270339
3.21283
3.153386
3.092042
3.028835
2.963805
2.896988
2.828427
2.758162
2.686236
2.612691
2.537573
2.460926
2.382797
2.303233
2.222281
2.13999
2.056411
1.971593
1.885587
1.798445
1.71022
1.620965
1.530734
1.43958
1.347559
1.254727
1.161139
1.066851
0.971921
0.876405
0.780361
0.683848
0.586922
0.489643
0.392069
0.294258
0.196271
0.098165
0
-0.098165
-0.196271
-0.294258
-0.392069
-0.489643
-0.586922
-0.683848
-0.780361
-0.876405
-0.971921
-1.066851
-1.161139
-1.254727
-1.347559
-1.43958
-1.530734
-1.620965
-1.71022
-1.798445
-1.885587
-1.971593
-2.056411
-2.13999
-2.222281
-2.303233
-4.382797
-4.460926
-4.537573
-4.612691
-4.686236
-4.758162
-4.828427
-4.896988
-4.963805
-5.028835
-5.092042
-5.153386
-5.21283
-5.270339
-5.325878
-5.379414
-5.430914
-5.480348
-5.527685
-5.572897
-5.615957
-5.656839
-5.695518
-5.731971
-5.766176
-5.798113
-5.827761
-5.855104
-5.880125
-5.902809
-5.923141
-5.941111
-5.956706
-5.969918
-5.980739
-5.989162
-5.995182
-5.998795
-6
-5.998795
-5.995182
-5.989162
-5.980739
-5.969918
-5.956706
-5.941111
-5.923141
-5.902809
-5.880125
-5.855104
-5.827761
-5.798113
-5.766176
-5.731971
-5.695518
-5.656839
-5.615957
-5.572897
-5.527685
-5.480348
-5.430914
-5.379414
-5.325878
-5.270339
-5.21283
-5.153386
-5.092042
-5.028835
-4.963805
-4.896988
-4.828427
-4.758162
-4.686236
-4.612691
-4.537573
-4.460926
-4.382797
-4.303233
-4.222281
-4.13999
-4.056411
-3.971593
-3.885587
-3.798445
-3.71022
-3.620965
-3.530734
-3.43958
-3.347559
-3.254727
-3.161139
-3.066851
-2.971921
-2.876405
-2.780361
-2.683848
-2.586922
-2.489643
-2.392069
-2.294258
-2.196271
-2.098165
-2
-1.901835
-1.803729
-1.705742
-1.607931
-1.510357
-1.413078
-1.316152
-1.219639
-1.123595
-1.028079
-0.933149
-0.838861
-0.745273
-0.652441
-0.56042
-0.469266
-0.379035
-0.28978
-0.201555
-0.114413
-0.028407
0.056411
0.13999
0.222281
0.303233
0.382797
0.460926
0.537573
0.612691
0.686236
0.758162
0.828427
0.896988
0.963805
1.028835
1.092042
1.153386
1.21283
1.270339
1.325878
1.379414
1.430914
1.480348
1.527685
1.572897
1.615957
1.656839
1.695518
1.731971
1.766176
1.798113
1.827761
1.855104
1.880125
1.902809
1.923141
1.941111
1.956706
1.969918
1.980739
1.989162
1.995182
1.998795
2
1.998795
1.995182
1.989162
1.980739
1.969918
1.956706
1.941111
1.923141
1.902809
1.880125
1.855104
1.827761
1.798113
1.766176
1.731971
1.695518
1.656839
1.615957
1.572897
1.527685
1.480348
1.430914
1.379414
1.325878
1.270339
1.21283
1.153386
1.092042
1.028835
0.963805
0.896988
0.828427
0.758162
0.686236
0.612691
0.537573
0.460926
0.382797
0.303233
0.222281
0.13999
0.056411
-0.028407
-0.114413
-0.201555
-0.28978
-0.379035
-0.469266
1.43958
1.347559
1.254727
1.161139
1.066851
0.971921
0.876405
0.780361
0.683848
0.586922
0.489643
0.392069
0.294258
0.196271
0.098165
0
-0.098165
-0.196271
-0.294258
-0.392069
-0.489643
-0.586922
-0.683848
-0.780361
-0.876405
-0.971921
-1.066851
-1.161139
-1.254727
-1.347559
-1.43958
-1.530734
-1.620965
-1.71022
-1.798445
-1.885587
-1.971593
-2.056411
-2.13999
-2.222281
-2.303233
-2.382797
-2.460926
-2.537573
-2.612691
-2.686236
-2.758162
-2.828427
-2.896988
-2.963805
-3.028835
-3.092042
-3.153386
-3.21283
-3.270339
-3.325878
-3.379414
-3.430914
-3.480348
-3.527685
-3.572897
-3.615957
-3.656839
-3.695518
-3.731971
-3.766176
-3.798113
-3.827761
-3.855104
-3.880125
-3.902809
-3.923141
-3.941111
-3.956706
-3.969918
-3.980739
-3.989162
-3.995182
-3.998795
-4
-3.998795
-3.995182
-3.989162
-3.980739
-3.969918
-3.956706
-3.941111
-3.923141
-3.902809
-3.880125
-3.855104
-3.827761
-3.798113
-3.766176
-3.731971
-3.695518
-3.656839
-3.615957
-3.572897
-3.527685
-3.480348
-3.430914
-3.379414
-3.325878
-3.270339
-3.21283
-3.153386
-3.092042
-3.028835
-2.963805
-2.896988
-2.828427
-2.758162
-2.686236
-2.612691
-2.537573
-2.460926
-2.382797
-2.303233
-2.222281
-2.13999
-2.056411
-1.971593
-1.885587
-1.798445
-1.71022
-1.620965
-1.530734
-1.43958
-1.347559
-1.254727
-1.161139
-1.066851
-0.971921
-0.876405
-0.780361
-0.683848
-0.586922
-0.489643
-0.392069
-0.294258
-0.196271
-0.098165
