0
3.99474163510823e-06
3.1957933075511e-05
0.000107858023939084
0.000255663461862417
0.000499342683638578
0.000862864086113634
0.00137019595210265
0.00204530629116409
0.00291216253579435
0.00399473101047231
0.00531697606399783
0.00690285872472975
0.00877633470364251
0.0109613515315904
0.013481844574807
0.0163617316264868
0.0196249057223268
0.0232952257741753
0.0273965045585048
0.0319524935353589
0.036986863908829
0.0425231832721212
0.0485848871090613
0.0551952443496899
0.0623773161007168
0.0701539065924225
0.0785475053025919
0.0875802191358436
0.0972736934540143
0.107649020670981
0.118726635044543
0.130526192220052
0.143066432006972
0.156365022802284
0.17043838601585
0.185301498805082
0.200967673392429
0.217448311222849
0.234752630223337
0.25288736345739
0.271856427528911
0.29166055918831
0.31229691873473
0.333758658999508
0.356034458944935
0.379108021227609
0.402957533466307
0.427555093430282
0.452866098935582
0.478848603915364
0.505452642926558
0.532619527281092
0.560281117056503
0.588359074459258
0.616764105394536
0.645395197647445
0.674138865809767
0.702868414997632
0.731443237500103
0.759708158773163
0.787492851639272
0.814611340154076
0.840861617335619
0.866025403784439
0.889868077111251
0.912138804975412
0.932570917350394
0.950882556283892
0.966777643803532
0.979947210607969
0.990071129629836
0.996820299291166
0.999859321100355
0.998849714946078
0.993453712789494
0.983338667183249
0.968182104879388
0.94767744744214
0.921540409965235
0.889516075421856
0.851386625580535
0.806979689566824
0.756177247853109
0.698925002604414
0.635242094880049
0.565231015298386
0.489087517680171
0.407110305350386
0.319710217881437
0.227418603045118
0.130894515848139
0.0309303453252377
-0.0715445678217398
-0.175462791327147
-0.279620630896837
-0.382683432365089
-0.483194856214916
-0.579590602204533
-0.670217017531861
-0.753354951564479
-0.827249120042589
-0.890143108592463
-0.940319976795983
-0.976148218364747
-0.996132589938158
-0.998969042199657
-0.98360267611036
-0.949287310443502
-0.895644893845977
-0.822722638116397
-0.731045405667897
-0.621660573370078
-0.496172340905222
-0.356762281464296
-0.206192875659436
-0.0477908570504902
0.114592539230208
0.27664686551257
0.433695031947111
0.580813958095764
0.712982908528614
0.825257672086066
0.912967080455856
0.971926522915188
0.998661170418605
0.990629669220859
0.946437223476411
0.866025403784439
0.750824860960623
0.603856571528614
0.429767477147837
0.234787578054002
0.0265978474615912
-0.185898149662506
-0.392901291174153
-0.584138998971257
-0.74937185718185
-0.878966509835195
-0.964508618010469
-0.999421945507365
-0.979552891656405
-0.903674782078898
-0.7738637905884
-0.595699304492435
-0.378246562415329
-0.133788985635861
0.122708022149674
0.374401143456773
0.603617730887285
0.793100359990464
0.927372988109153
0.994130329279692
0.985532642484025
0.899276359516572
0.739309787436827
0.516074990315368
0.246183493160636
-0.0485250366607741
-0.34253686873806
-0.60876142900872
-0.82103182492532
-0.956801072313311
-0.9997698340688
-0.942145470050281
-0.786225696579168
-0.545030287513394
-0.241774860160074
0.091908956497131
0.418959370801583
0.700865194542469
0.902265500528359
0.995649112099152
0.965539103775053
0.811522943676768
0.549553848890655
0.211111552358966
-0.159934764497252
-0.512594332975871
-0.795631255620074
-0.965194131175724
-0.992092796721209
-0.86750762055415
-0.605997340187818
-0.244963682700721
0.159777029669451
0.542025868624992
0.835853240283759
0.987260771668098
0.964820169494965
0.767159411951356
0.42547752523633
4.65489579803312e-15
-0.429637620329701
-0.778836557655308
-0.97487874418034
-0.972880847292177
-0.767310575367636
-0.396017816083438
0.0649845736874159
0.515855986596934
0.854078370508997
0.998174515075231
0.908549815762513
0.600003065375394
0.141840691715467
-0.355806736748605
-0.767423279660834
-0.983846005927076
-0.942422332192368
-0.647126717898734
-0.17192610948312
0.355358697007647
0.786092378832789
0.992800738125542
0.908409576231687
0.55045797293661
0.0211825304722868
-0.519055549104103
-0.899183736511602
-0.992258873784855
-0.760193704954724
-0.272160112972353
0.312342457689629
0.793353340291231
0.998725673942373
0.847832385363198
0.386713663201884
-0.221345720647024
-0.750566227273155
-0.995892774695941
-0.854576660050077
-0.373215496617317
0.262247722630297
0.794848953056747
0.999975648178949
0.782809711193627
0.226870067439888
-0.432373549550472
-0.903905585171253
-0.970031253194546
-0.590911179378733
0.0667105425697081
0.69721737622328
0.996067384955466
0.809377033356839
0.219007694879915
-0.485899566658687
-0.946270706696512
-0.91681789095971
-0.402288366478382
0.331600053381531
0.889399232724192
0.958442898955682
0.489362757155161
-0.261777390286053
-0.866025403784435
-0.965126189062246
-0.489307016386339
0.285491180906279
0.889632859977358
0.943088422792749
0.400707841439268
-0.401816529390401
-0.947585591017739
-0.871169802024441
-0.211205264381731
0.595862931063502
0.997195603014623
0.704511784635998
-0.088567065142143
-0.822375054674419
-0.961561797682966
-0.391931272261449
0.473903236580948
0.984889267181876
0.741465986630569
-0.0808809739851232
-0.843534507443794
-0.934992377066322
-0.268683416858182
0.621688734221992
0.998762301149669
0.535095490476552
-0.388109436537512
-0.979625160385904
-0.71468104122017
0.186428012369198
0.923879532511281
0.82262952497985
-0.0383720547898878
-0.867290946610241
-0.878890297559072
-0.0481858808357888
0.832798838412642
0.89925014954831
0.0715246452838467
-0.831596094240512
-0.890724886162453
-0.0311100221889571
0.864358811060529
0.849764933448134
-0.0737876611487923
-0.92094059462396
-0.762527203906398
0.241557785392521
0.978376899916136
0.607813391742696
-0.46167301947076
-0.998767659979505
-0.364571680722962
0.70486324281834
0.93076696107899
0.0261665655373526
-0.913444041254516
-0.720526255432657
0.378664392423544
0.999837206974794
0.337882629336241
-0.765000063686047
-0.866025403784441
0.182792465258507
0.989030659277708
0.455215195320689
-0.704389867637397
-0.890337802386094
0.170804449393573
0.992615348876419
0.395871085314271
-0.774692991592651
-0.815869852198079
0.347411228367189
0.994905138151259
0.144371011182989
-0.92763729784328
-0.575027345519584
0.671558954847008
0.866566183693041
-0.311526442743256
-0.992906095498109
-0.0702495438532828
0.96850319785674
0.41215387657928
-0.831058803766603
-0.679101071831338
0.625486174192209
0.860003862736314
-0.39271026136852
-0.961068842145522
0.163924086205222
0.998333048436988
0.0407710134522604
-0.99144486137381
-0.210982695159389
0.959436477270195
0.343399931813063
-0.918407274595667
-0.43897161148678
0.880637498537375
0.500473883137668
-0.854557988365383
-0.53069438181953
0.845075758767642
0.531256307269007
-0.8538933885726
-0.502029378006908
0.879605806738512
0.441088064948392
-0.917494496447481
-0.345237663827087
0.959075303986822
0.211193550485059
-0.991610905163494
-0.0375217876884165
0.997984526158968
-0.172626542120046
-0.957532055233098
0.408193686362345
0.848577177596287
-0.646965290785896
-0.653366412241917
0.853704138138747
0.365642743006342
-0.981671924892237
-3.7239166384265e-14
0.979876306334254
-0.399653494809599
-0.807689228623263
0.757375814189662
0.456004635544477
-0.974533236894369
0.0305110954329464
0.956344613079867
-0.541330778536739
-0.654792666014575
0.913253732550775
0.115556812748792
-0.980568804077133
0.49709117037238
0.658050370576493
-0.930017223684002
-0.0248567168366162
0.944005402613973
-0.649520340878606
-0.464845063892622
0.995642036725098
-0.301609869288932
-0.754512288261544
0.906595704514894
0.00661124924375042
-0.908033430744967
0.771312290169527
0.229316522797196
-0.972042013422165
0.655854797797325
0.359063758308521
-0.991444861373816
0.596421000248607
0.401937242063202
-0.993450061555764
0.607340634642525
0.36145617197571
-0.982282699316138
0.686731894343327
0.23304758519526
-0.938147913387843
0.814870760255078
0.00912785787935736
-0.819494064437293
0.945759267168218
-0.304168234072262
-0.574085713572891
0.998795456205175
-0.659396871477893
-0.168662842712362
0.866705703521044
-0.940592908390251
0.358034517212527
0.463174815901985
-0.968419588941389
0.839338308919119
-0.178926465677268
-0.585668347293976
0.988758157112983
-0.805486097780414
0.162032247809553
0.564914616028053
-0.976315313088712
0.86602540378441
-0.311013943779524
-0.393022512834761
0.897164073478471
-0.971078147499683
0.59876558040612
0.0349229182340668
-0.64493432207066
0.977028142657767
-0.909209566769083
0.486573274482802
0.11383056769456
-0.66337287013483
0.970072976534118
-0.94144712950871
0.604235420772184
-0.0817210741336058
-0.456502296373217
0.851472525415447
-0.999829771999098
0.875700006225613
-0.527569085163967
0.0558015092373236
0.419423603410608
-0.789603115731576
0.981125900312619
-0.96636282057894
0.76261765124668
-0.421768473611668
0.0148479090408722
0.384129701306133
-0.711704452720987
0.923879532511307
-0.99983749515994
0.941036987018223
-0.766962066783211
0.509050218135281
-0.20422237342889
-0.110889209883127
0.404339065035896
-0.651622752733187
0.836843079414351
-0.952559990391981
0.99870218030469
-0.980934624306135
0.908829987901961
-0.794111459416066
0.649143626249355
-0.485763393716276
0.314474393008452
-0.143979663670531
-0.0190018422732406
0.169702251940959
-0.305123252503722
0.423766816234702
-0.525327490341969
0.610382806276357
-0.68010621952809
0.736016612526384
-0.77977028506649
0.812995576290686
-0.837166593258146
0.853510611793324
-0.862943177330121
