183 
245 
299 
192 
188 
260 
299 
200 
206 
279 
284 
188 
205 
284 
308 
218 
247 
334 
364 
262 
271 
377 
416 
316 
321 
432 
492 
345 
358 
427 
502 
359 
377 
465 
548 
385 
442 
554 
625 
422 
507 
624 
699 
501 
552 
653 
751 
578 
604 
742 
840 
631 
788 
860 
1007 
757 
951 
1005 
1180 
896 
1207 
1150 
1320 
1020 
1320 
1482 
1748 
1192 
1417 
1575 
1787 
1371 
1624 
1885 
2113 
1561 
1924 
2214 
2368 
1935 
2425 
2691 
3140 
2332 
2951 
3254 
3721 
2987 
3161 
3331 
3446 
2455 
2593 
2781 
3361 
2212 
3671 
5082 
3951 
3909 
4731 
5198 
3923 
4432 
4925 
6272 
4755 
4756 
5827 
7288 
5691 
5933 
7117 
9201 
7182 
7553 
8643 
11003 
9007 
9289 
10541 
12466 
10712 
9544 
12033 
14736 
12072 
12283 
13680 
15977 
12802 
12710 
14410 
17156 
13599 
12818 
14644 
17208 
13747 
13157 
14887 
19475 
15876 
14950 
17462 
19386 
18011 
16084 
18167 
21902 
17273 
15661 
18128 
20363 
17134 
15784 
18569 
21908 
18620 
17191
